%edris amin 
%Use 1 for black, 0 for white
num1 = [0 0 1 0 0; 0 1 1 0 0; 1 0 1 0 0; 0 0 1 0 0; 0 0 1 0 0; 0 0 1 0 0; 0 0 1 0 0; 0 0 1 0 0; 0 0 1 0 0]
d1 = [0 0 1 0 0 0 1 1 0 0 1 0 1 0 0 0 0 1 0 0 0 0 1 0 0 0 0 1 0 0 0 0 1 0 0 0 0 1 0 0 0 0 1 0 0]
num2 = [0 1 1 1 0; 1 0 0 0 1; 0 0 0 0 1; 0 0 0 0 1; 0 0 0 1 0; 0 0 1 0 0; 0 1 0 0 0; 1 0 0 0 0; 1 1 1 1 1]
d2 = [0 1 1 1 0 1 0 0 0 1 0 0 0 0 1 0 0 0 0 1 0 0 0 1 0 0 0 1 0 0 0 1 0 0 0 1 0 0 0 0 1 1 1 1 1]
num3 = [0 1 1 1 0; 1 0 0 0 1; 0 0 0 0 1; 0 0 0 0 1; 0 0 0 1 0; 0 0 0 0 1; 0 0 0 0 1; 1 0 0 0 0; 1 1 1 1 1]
d3 = [0 1 1 1 0 1 0 0 0 1 0 0 0 0 1 0 0 0 0 1 0 0 0 1 0 0 0 0 0 1 0 0 0 0 1 1 0 0 0 0 1 1 1 1 1]
num4 = [0 0 0 1 0; 0 0 1 1 0; 0 0 1 1 0; 0 1 0 1 0; 0 1 0 1 0; 1 0 0 1 0; 1 1 1 1 1; 0 0 0 1 0; 0 0 0 1 0]
d4 = [0 0 0 1 0 0 0 1 1 0 0 0 1 1 0 0 1 0 1 0 0 1 0 1 0 1 0 0 1 0 1 1 1 1 1 0 0 0 1 0 0 0 0 1 0]
num5 = [1 1 1 1 1; 1 0 0 0 0; 1 0 0 0 0; 1 1 1 1 0; 1 0 0 0 1; 0 0 0 0 1; 0 0 0 0 1; 1 0 0 0 1; 0 1 1 1 0]
d5 = [1 1 1 1 1 1 0 0 0 0 1 0 0 0 0 1 1 1 1 0 1 0 0 0 1 0 0 0 0 1 0 0 0 0 1 1 0 0 0 1 0 1 1 1 0]
num6 = [0 1 1 1 0; 1 0 0 0 1; 1 0 0 0 0; 1 0 0 0 0; 1 1 1 1 0; 1 0 0 0 1; 1 0 0 0 1; 1 0 0 0 1; 0 1 1 1 0]
d6 = [0 1 1 1 0 1 0 0 0 1 1 0 0 0 0 1 0 0 0 0 1 1 1 1 0 1 0 0 0 1 1 0 0 0 1 1 0 0 0 1 0 1 1 1 0]
num7 = [1 1 1 1 1; 0 0 0 0 1; 0 0 0 1 0; 0 0 0 1 0; 0 0 1 0 0; 0 0 1 0 0; 0 1 0 0 0; 0 1 0 0 0; 0 1 0 0 0]
d7 = [1 1 1 1 1 0 0 0 0 1 0 0 0 1 0 0 0 0 1 0 0 0 1 0 0 0 0 1 0 0 0 1 0 0 0 0 1 0 0 0 0 1 0 0 0]
num8 = [0 1 1 1 0; 1 0 0 0 1; 1 0 0 0 1; 1 0 0 0 1; 0 1 1 1 0; 1 0 0 0 1; 1 0 0 0 1; 1 0 0 0 1; 0 1 1 1 0]
d8 = [0 1 1 1 0 1 0 0 0 1 1 0 0 0 1 1 0 0 0 1 0 1 1 1 0 1 0 0 0 1 1 0 0 0 1 1 0 0 0 1 0 1 1 1 0]
num9 = [0 1 1 1 0; 1 0 0 0 1; 1 0 0 0 1; 1 0 0 0 1; 0 1 1 1 1; 0 0 0 0 1; 0 0 0 0 1; 1 0 0 0 1; 0 1 1 1 0]
d9 = [0 1 1 1 0 1 0 0 0 1 1 0 0 0 1 1 0 0 0 1 0 1 1 1 1 0 0 0 0 1 0 0 0 0 1 1 0 0 0 1 0 1 1 1 0]
num0 = [0 1 1 1 0; 1 0 0 0 1; 1 0 0 0 1; 1 0 0 0 1; 1 0 0 0 1; 1 0 0 0 1; 1 0 0 0 1; 1 0 0 0 1; 0 1 1 1 0]
d0 = [0 1 1 1 0 1 0 0 0 1 1 0 0 0 1 1 0 0 0 1 1 0 0 0 1 1 0 0 0 1 1 0 0 0 1 1 0 0 0 1 0 1 1 1 0]
bit_maps = [d1; d2; d3; d4; d5; d6; d7; d8; d9; d0];